
194,172	-42,38
194,442	-42,38
194,712	-42,38
194,981	-56,38
195,251	-40,38
195,521	-0,38
195,791	-3,38
196,061	-10,38
196,331	0,62
196,6	-5,38
196,87	1,62
197,14	-5,38
197,41	-2,38
197,68	4,62
197,949	20,62
198,219	1,62
198,489	-5,38
198,759	3,62
199,028	7,62
199,298	-23,38
199,568	1,62
199,837	26,62
200,107	30,62
200,377	1,62
200,646	6,62
200,916	12,62
201,186	12,62
201,455	15,62
201,725	1,62
201,995	18,62
202,264	24,62
202,534	14,62
202,804	2,62
203,073	14,62
203,343	13,62
203,612	4,62
203,882	-13,38
204,151	16,62
204,421	15,62
204,691	14,62
204,96	21,62
205,23	21,62
205,499	27,62
205,769	8,62
206,038	-12,38
206,308	13,62
206,577	34,62
206,847	9,62
207,116	15,62
207,385	11,62
207,655	-6,38
207,924	-3,38
208,194	-6,38
208,463	15,62
208,733	30,62
209,002	11,62
209,271	-1,38
209,541	15,62
209,81	22,62
210,08	7,62
210,349	17,62
210,618	13,62
210,888	4,62
211,157	3,62
211,426	12,62
211,696	20,62
211,965	5,62
212,234	-0,38
212,503	1,62
212,773	23,62
213,042	19,62
213,311	15,62
213,58	19,62
213,85	12,62
214,119	16,62
214,388	12,62
214,657	5,62
214,927	15,62
215,196	-1,38
215,465	2,62
215,734	6,62
216,003	14,62
216,272	2,62
216,542	-0,38
216,811	-9,38
217,08	1,62
217,349	13,62
217,618	8,62
217,887	7,62
218,156	9,62
218,425	4,62
218,695	2,62
218,964	8,62
219,233	7,62
219,502	5,62
219,771	17,62
220,04	15,62
220,309	16,62
220,578	9,62
220,847	-3,38
221,116	-3,38
221,385	19,62
221,654	7,62
221,923	-0,38
222,192	7,62
222,461	24,62
222,73	7,62
222,999	9,62
223,268	8,62
223,536	5,62
223,805	8,62
224,074	16,62
224,343	17,62
224,612	19,62
224,881	29,62
225,15	-0,38
225,419	-0,38
225,688	20,62
225,956	17,62
226,225	4,62
226,494	12,62
226,763	2,62
227,032	0,62
227,3	4,62
227,569	-3,38
227,838	23,62
228,107	20,62
228,376	-3,38
228,644	11,62
228,913	16,62
229,182	27,62
229,451	0,62
229,719	1,62
229,988	4,62
230,257	-11,38
230,525	1,62
230,794	12,62
231,063	22,62
231,331	17,62
231,6	-6,38
231,869	-8,38
232,137	6,62
232,406	6,62
232,675	-3,38
232,943	3,62
233,212	22,62
233,48	13,62
233,749	6,62
234,018	2,62
234,286	-0,38
234,555	3,62
234,823	3,62
235,092	18,62
235,36	23,62
235,629	16,62
235,897	-5,38
236,166	-6,38
236,434	2,62
236,703	9,62
236,971	-4,38
237,24	-3,38
237,508	4,62
237,777	18,62
238,045	4,62
238,314	7,62
238,582	15,62
238,85	18,62
239,119	4,62
239,387	18,62
239,656	19,62
239,924	-6,38
240,192	-4,38
240,461	17,62
240,729	5,62
240,997	-7,38
241,266	-3,38
241,534	9,62
241,802	19,62
242,071	18,62
242,339	15,62
242,607	8,62
242,876	-4,38
243,144	0,62
243,412	-4,38
243,68	-1,38
243,949	19,62
244,217	14,62
244,485	-5,38
244,753	9,62
245,022	25,62
245,29	16,62
245,558	-8,38
245,826	-9,38
246,094	-2,38
246,363	7,62
246,631	11,62
246,899	6,62
247,167	-3,38
247,435	11,62
247,703	12,62
247,971	13,62
248,239	11,62
248,508	23,62
248,776	4,62
249,044	10,62
249,312	7,62
249,58	15,62
249,848	13,62
250,116	-3,38
250,384	18,62
250,652	10,62
250,92	15,62
251,188	2,62
251,456	11,62
251,724	12,62
251,992	2,62
252,26	-1,38
252,528	-2,38
252,796	9,62
253,064	17,62
253,332	14,62
253,6	12,62
253,868	32,62
254,136	-3,38
254,404	12,62
254,671	7,62
254,939	7,62
255,207	0,62
255,475	3,62
255,743	13,62
256,011	6,62
256,279	1,62
256,546	10,62
256,814	-8,38
257,082	-7,38
257,35	-6,38
257,618	-12,38
257,885	-7,38
258,153	3,62
258,421	3,62
258,689	1,62
258,957	19,62
259,224	17,62
259,492	-2,38
259,76	1,62
260,027	9,62
260,295	15,62
260,563	19,62
260,831	25,62
261,098	7,62
261,366	-0,38
261,634	0,62
261,901	9,62
262,169	20,62
262,436	23,62
262,704	0,62
262,972	14,62
263,239	9,62
263,507	13,62
263,775	0,62
264,042	7,62
264,31	14,62
264,577	17,62
264,845	-5,38
265,112	2,62
265,38	11,62
265,647	16,62
265,915	-15,38
266,182	-4,38
266,45	26,62
266,717	20,62
266,985	10,62
267,252	0,62
267,52	3,62
267,787	8,62
268,055	10,62
268,322	11,62
268,59	15,62
268,857	16,62
269,125	10,62
269,392	1,62
269,659	-3,38
269,927	1,62
270,194	12,62
270,461	27,62
270,729	6,62
270,996	13,62
271,264	-5,38
271,531	-2,38
271,798	28,62
272,066	0,62
272,333	-4,38
272,6	-10,38
272,867	-4,38
273,135	7,62
273,402	-3,38
273,669	3,62
273,936	6,62
274,204	13,62
274,471	5,62
274,738	-2,38
275,005	10,62
275,273	5,62
275,54	-14,38
275,807	-7,38
276,074	2,62
276,341	27,62
276,609	4,62
276,876	-2,38
277,143	7,62
277,41	0,62
277,677	0,62
277,944	7,62
278,211	7,62
278,478	6,62
278,746	-0,38
279,013	11,62
279,28	10,62
279,547	19,62
279,814	12,62
280,081	5,62
280,348	9,62
280,615	5,62
280,882	-4,38
281,149	10,62
281,416	-2,38
281,683	3,62
281,95	5,62
282,217	5,62
282,484	-3,38
282,751	17,62
283,018	-3,38
283,285	-3,38
283,552	3,62
283,819	-7,38
284,086	-17,38
284,352	-14,38
284,619	4,62
284,886	29,62
285,153	-7,38
285,42	-0,38
285,687	17,62
285,954	-1,38
286,221	-14,38
286,487	-2,38
286,754	16,62
287,021	-3,38
287,288	-11,38
287,555	14,62
287,821	14,62
288,088	10,62
288,355	3,62
288,622	-0,38
288,889	9,62
289,155	16,62
289,422	8,62
289,689	12,62
289,956	-10,38
290,222	-5,38
290,489	-5,38
290,756	-1,38
291,022	4,62
291,289	-20,38
291,556	-18,38
291,822	-20,38
292,089	-5,38
292,356	7,62
292,622	-5,38
292,889	-1,38
293,155	3,62
293,422	2,62
293,689	-6,38
293,955	-1,38
294,222	4,62
294,488	25,62
294,755	3,62
295,022	0,62
295,288	4,62
295,555	-1,38
295,821	-10,38
296,088	-0,38
296,354	16,62
296,621	18,62
296,887	9,62
297,154	-0,38
297,42	2,62
297,687	-0,38
297,953	-8,38
298,219	-1,38
298,486	2,62
298,752	5,62
299,019	-8,38
299,285	-0,38
299,552	-9,38
299,818	-3,38
300,084	13,62
300,351	3,62
300,617	19,62
300,883	21,62
301,15	12,62
301,416	20,62
301,682	16,62
301,949	4,62
302,215	10,62
302,481	19,62
302,748	11,62
303,014	8,62
303,28	-8,38
303,547	-10,38
303,813	1,62
304,079	8,62
304,345	14,62
304,611	-6,38
304,878	15,62
305,144	1,62
305,41	-7,38
305,676	-7,38
305,943	3,62
306,209	-6,38
306,475	-11,38
306,741	7,62
307,007	16,62
307,273	16,62
307,539	8,62
307,806	8,62
308,072	11,62
308,338	5,62
308,604	-0,38
308,87	10,62
309,136	9,62
309,402	9,62
309,668	16,62
309,934	15,62
310,2	10,62
310,466	25,62
310,732	15,62
310,998	20,62
311,264	22,62
311,53	15,62
311,796	14,62
312,062	22,62
312,328	50,62
312,594	76,62
312,86	91,62
313,126	112,62
313,392	100,62
313,658	65,62
313,924	24,62
314,19	5,62
314,456	6,62
314,722	4,62
314,988	-11,38
315,253	15,62
315,519	1,62
315,785	8,62
316,051	5,62
316,317	-3,38
316,583	11,62
316,849	8,62
317,114	-4,38
317,38	2,62
317,646	20,62
317,912	13,62
318,177	10,62
318,443	7,62
318,709	8,62
318,975	8,62
319,241	-9,38
319,506	1,62
319,772	9,62
320,038	14,62
320,303	-7,38
320,569	9,62
320,835	-7,38
321,1	8,62
321,366	-0,38
321,632	-3,38
321,897	-2,38
322,163	2,62
322,429	-0,38
322,694	5,62
322,96	-1,38
323,226	-9,38
323,491	0,62
323,757	-9,38
324,022	-0,38
324,288	10,62
324,553	-5,38
324,819	0,62
325,085	12,62
325,35	11,62
325,616	-10,38
325,881	-7,38
326,147	10,62
326,412	3,62
326,678	4,62
326,943	13,62
327,209	8,62
327,474	14,62
327,74	6,62
328,005	14,62
328,27	11,62
328,536	14,62
328,801	3,62
329,067	-14,38
329,332	-1,38
329,597	10,62
329,863	7,62
330,128	2,62
330,394	8,62
330,659	2,62
330,924	0,62
331,19	-9,38
331,455	2,62
331,72	8,62
331,986	7,62
332,251	11,62
332,516	9,62
332,781	15,62
333,047	-13,38
333,312	7,62
333,577	4,62
333,843	8,62
334,108	9,62
334,373	21,62
334,638	25,62
334,903	23,62
335,169	12,62
335,434	13,62
335,699	4,62
335,964	9,62
336,229	-6,38
336,495	-9,38
336,76	16,62
337,025	32,62
337,29	17,62
337,555	9,62
337,82	5,62
338,085	15,62
338,35	-5,38
338,616	-5,38
338,881	8,62
339,146	12,62
339,411	8,62
339,676	7,62
339,941	18,62
340,206	5,62
340,471	-6,38
340,736	6,62
341,001	0,62
341,266	14,62
341,531	-4,38
341,796	4,62
342,061	4,62
342,326	10,62
342,591	-3,38
342,856	-1,38
343,121	7,62
343,386	0,62
343,651	-6,38
343,915	-7,38
344,18	8,62
344,445	12,62
344,71	-4,38
344,975	8,62
345,24	23,62
345,505	20,62
345,77	5,62
346,034	11,62
346,299	15,62
346,564	7,62
346,829	-12,38
347,094	-0,38
347,358	14,62
347,623	10,62
347,888	-16,38
348,153	17,62
348,418	18,62
348,682	16,62
348,947	-1,38
349,212	2,62
349,477	-3,38
349,741	14,62
350,006	-3,38
350,271	-0,38
350,535	0,62
350,8	-7,38
351,065	-9,38
351,329	8,62
351,594	14,62
351,859	17,62
352,123	5,62
352,388	22,62
352,653	14,62
352,917	14,62
353,182	-7,38
353,446	10,62
353,711	7,62
353,975	10,62
354,24	9,62
354,505	-0,38
354,769	6,62
355,034	12,62
355,298	19,62
355,563	8,62
355,827	1,62
356,092	0,62
356,356	-12,38
356,621	-15,38
356,885	9,62
357,15	8,62
357,414	-12,38
357,679	-2,38
357,943	9,62
358,207	2,62
358,472	14,62
358,736	8,62
359,001	3,62
359,265	26,62
359,529	3,62
359,794	12,62
360,058	13,62
360,322	7,62
360,587	7,62
360,851	25,62
361,115	24,62
361,38	14,62
361,644	15,62
361,908	3,62
362,173	-6,38
362,437	6,62
362,701	18,62
362,966	11,62
363,23	22,62
363,494	33,62
363,758	19,62
364,023	54,62
364,287	122,62
364,551	177,62
364,815	322,62
365,079	524,62
365,344	604,62
365,608	489,62
365,872	285,62
366,136	175,62
366,4	120,62
366,664	93,62
366,928	56,62
367,193	14,62
367,457	13,62
367,721	20,62
367,985	19,62
368,249	11,62
368,513	29,62
368,777	19,62
369,041	7,62
369,305	17,62
369,569	20,62
369,833	15,62
370,097	-0,38
370,361	4,62
370,625	4,62
370,889	13,62
371,153	0,62
371,417	-0,38
371,681	13,62
371,945	37,62
372,209	22,62
372,473	12,62
372,737	21,62
373,001	22,62
373,265	7,62
373,529	12,62
373,793	9,62
374,057	20,62
374,321	4,62
374,584	11,62
374,848	11,62
375,112	3,62
375,376	11,62
375,64	18,62
375,904	13,62
376,167	10,62
376,431	10,62
376,695	19,62
376,959	13,62
377,223	17,62
377,486	14,62
377,75	3,62
378,014	6,62
378,278	6,62
378,541	8,62
378,805	31,62
379,069	13,62
379,333	26,62
379,596	19,62
379,86	17,62
380,124	26,62
380,387	26,62
380,651	18,62
380,915	19,62
381,178	28,62
381,442	18,62
381,706	7,62
381,969	-9,38
382,233	20,62
382,496	40,62
382,76	11,62
383,024	6,62
383,287	26,62
383,551	22,62
383,814	10,62
384,078	16,62
384,341	4,62
384,605	15,62
384,868	19,62
385,132	40,62
385,396	33,62
385,659	23,62
385,922	10,62
386,186	23,62
386,449	28,62
386,713	37,62
386,976	16,62
387,24	29,62
387,503	50,62
387,767	40,62
388,03	33,62
388,293	30,62
388,557	32,62
388,82	24,62
389,084	24,62
389,347	22,62
389,61	27,62
389,874	25,62
390,137	15,62
390,4	8,62
390,664	25,62
390,927	42,62
391,19	40,62
391,454	40,62
391,717	40,62
391,98	12,62
392,244	14,62
392,507	29,62
392,77	34,62
393,033	44,62
393,297	24,62
393,56	30,62
393,823	36,62
394,086	24,62
394,349	15,62
394,613	17,62
394,876	30,62
395,139	38,62
395,402	37,62
395,665	24,62
395,928	32,62
396,192	46,62
396,455	41,62
396,718	43,62
396,981	40,62
397,244	41,62
397,507	36,62
397,77	42,62
398,033	49,62
398,296	25,62
398,559	40,62
398,822	48,62
399,085	40,62
399,348	42,62
399,611	51,62
399,874	58,62
400,137	39,62
400,4	43,62
400,663	50,62
400,926	54,62
401,189	73,62
401,452	56,62
401,715	36,62
401,978	40,62
402,241	60,62
402,504	71,62
402,767	67,62
403,03	107,62
403,293	164,62
403,556	297,62
403,819	551,62
404,081	770,62
404,344	911,62
404,607	1233,62
404,87	1671,62
405,133	1607,62
405,396	948,62
405,658	389,62
405,921	150,62
406,184	91,62
406,447	104,62
406,71	89,62
406,972	101,62
407,235	127,62
407,498	140,62
407,761	166,62
408,023	202,62
408,286	192,62
408,549	133,62
408,812	97,62
409,074	75,62
409,337	73,62
409,6	83,62
409,862	90,62
410,125	87,62
410,388	65,62
410,65	100,62
410,913	90,62
411,176	80,62
411,438	84,62
411,701	80,62
411,963	96,62
412,226	95,62
412,489	87,62
412,751	85,62
413,014	97,62
413,276	91,62
413,539	79,62
413,801	81,62
414,064	84,62
414,326	77,62
414,589	75,62
414,851	105,62
415,114	97,62
415,376	79,62
415,639	74,62
415,901	93,62
416,164	91,62
416,426	89,62
416,689	72,62
416,951	78,62
417,213	119,62
417,476	98,62
417,738	80,62
418,001	109,62
418,263	103,62
418,525	101,62
418,788	105,62
419,05	117,62
419,312	119,62
419,575	102,62
419,837	120,62
420,099	108,62
420,362	107,62
420,624	95,62
420,886	111,62
421,149	128,62
421,411	113,62
421,673	99,62
421,935	121,62
422,198	127,62
422,46	132,62
422,722	110,62
422,984	116,62
423,247	111,62
423,509	122,62
423,771	114,62
424,033	123,62
424,295	142,62
424,557	132,62
424,82	116,62
425,082	115,62
425,344	146,62
425,606	157,62
425,868	130,62
426,13	143,62
426,392	131,62
426,655	131,62
426,917	137,62
427,179	139,62
427,441	141,62
427,703	147,62
427,965	140,62
428,227	144,62
428,489	151,62
428,751	154,62
429,013	150,62
429,275	132,62
429,537	147,62
429,799	150,62
430,061	140,62
430,323	158,62
430,585	151,62
430,847	154,62
431,109	145,62
431,371	162,62
431,633	170,62
431,895	170,62
432,156	183,62
432,418	183,62
432,68	180,62
432,942	199,62
433,204	211,62
433,466	229,62
433,728	242,62
433,99	316,62
434,251	440,62
434,513	817,62
434,775	1747,62
435,037	3112,62
435,299	3954,62
435,56	4081,62
435,822	4784,62
436,084	6134,62
436,346	5674,62
436,607	3133,62
436,869	1194,62
437,131	509,62
437,393	337,62
437,654	273,62
437,916	234,62
438,178	222,62
438,439	218,62
438,701	215,62
438,963	213,62
439,224	218,62
439,486	207,62
439,748	214,62
440,009	206,62
440,271	203,62
440,533	209,62
440,794	208,62
441,056	217,62
441,317	216,62
441,579	205,62
441,841	212,62
442,102	215,62
442,364	224,62
442,625	200,62
442,887	187,62
443,148	209,62
443,41	214,62
443,671	196,62
443,933	208,62
444,194	232,62
444,456	220,62
444,717	203,62
444,979	200,62
445,24	224,62
445,502	252,62
445,763	246,62
446,025	222,62
446,286	220,62
446,547	242,62
446,809	229,62
447,07	222,62
447,332	229,62
447,593	231,62
447,854	210,62
448,116	223,62
448,377	222,62
448,638	235,62
448,9	236,62
449,161	229,62
449,422	243,62
449,684	238,62
449,945	226,62
450,206	223,62
450,467	223,62
450,729	254,62
450,99	258,62
451,251	236,62
451,512	224,62
451,774	239,62
452,035	229,62
452,296	225,62
452,557	258,62
452,819	271,62
453,08	254,62
453,341	249,62
453,602	258,62
453,863	251,62
454,124	212,62
454,386	230,62
454,647	247,62
454,908	258,62
455,169	239,62
455,43	247,62
455,691	264,62
455,952	279,62
456,213	263,62
456,474	265,62
456,735	271,62
456,996	274,62
457,257	257,62
457,519	268,62
457,78	284,62
458,041	273,62
458,302	271,62
458,563	258,62
458,824	265,62
459,085	279,62
459,345	289,62
459,606	283,62
459,867	281,62
460,128	297,62
460,389	269,62
460,65	273,62
460,911	270,62
461,172	262,62
461,433	283,62
461,694	288,62
461,955	291,62
462,216	303,62
462,476	312,62
462,737	311,62
462,998	302,62
463,259	310,62
463,52	314,62
463,781	297,62
464,041	306,62
464,302	331,62
464,563	320,62
464,824	324,62
465,085	315,62
465,345	314,62
465,606	320,62
465,867	337,62
466,128	321,62
466,388	336,62
466,649	344,62
466,91	343,62
467,17	333,62
467,431	350,62
467,692	353,62
467,952	370,62
468,213	378,62
468,474	356,62
468,734	344,62
468,995	353,62
469,256	388,62
469,516	387,62
469,777	379,62
470,037	384,62
470,298	386,62
470,559	396,62
470,819	367,62
471,08	383,62
471,34	382,62
471,601	401,62
471,861	384,62
472,122	387,62
472,382	404,62
472,643	413,62
472,903	400,62
473,164	413,62
473,424	438,62
473,685	430,62
473,945	419,62
474,206	432,62
474,466	431,62
474,727	443,62
474,987	445,62
475,248	436,62
475,508	412,62
475,768	442,62
476,029	433,62
476,289	433,62
476,549	435,62
476,81	448,62
477,07	449,62
477,331	437,62
477,591	438,62
477,851	464,62
478,112	482,62
478,372	472,62
478,632	478,62
478,892	477,62
479,153	482,62
479,413	490,62
479,673	487,62
479,933	485,62
480,194	493,62
480,454	508,62
480,714	500,62
480,974	510,62
481,235	493,62
481,495	484,62
481,755	519,62
482,015	519,62
482,275	527,62
482,536	520,62
482,796	512,62
483,056	529,62
483,316	516,62
483,576	528,62
483,836	540,62
484,096	530,62
484,356	523,62
484,617	507,62
484,877	531,62
485,137	555,62
485,397	554,62
485,657	526,62
485,917	546,62
486,177	570,62
486,437	576,62
486,697	564,62
486,957	568,62
487,217	554,62
487,477	559,62
487,737	571,62
487,997	579,62
488,257	574,62
488,517	591,62
488,777	582,62
489,037	589,62
489,297	597,62
489,557	568,62
489,817	592,62
490,076	609,62
490,336	590,62
490,596	585,62
490,856	606,62
491,116	634,62
491,376	634,62
491,636	630,62
491,895	641,62
492,155	636,62
492,415	632,62
492,675	609,62
492,935	600,62
493,195	626,62
493,454	623,62
493,714	642,62
493,974	638,62
494,234	624,62
494,493	603,62
494,753	594,62
495,013	622,62
495,273	602,62
495,532	591,62
495,792	593,62
496,052	586,62
496,311	632,62
496,571	645,62
496,831	649,62
497,09	647,62
497,35	656,62
497,61	651,62
497,869	633,62
498,129	625,62
498,389	642,62
498,648	622,62
498,908	618,62
499,167	625,62
499,427	615,62
499,686	627,62
499,946	638,62
500,206	631,62
500,465	622,62
500,725	636,62
500,984	635,62
501,244	610,62
501,503	626,62
501,763	646,62
502,022	663,62
502,282	618,62
502,541	615,62
502,801	609,62
503,06	611,62
503,319	642,62
503,579	639,62
503,838	599,62
504,098	605,62
504,357	616,62
504,617	654,62
504,876	659,62
505,135	632,62
505,395	636,62
505,654	631,62
505,913	634,62
506,173	627,62
506,432	633,62
506,691	638,62
506,951	631,62
507,21	628,62
507,469	635,62
507,729	644,62
507,988	641,62
508,247	654,62
508,506	633,62
508,766	652,62
509,025	643,62
509,284	637,62
509,543	637,62
509,803	634,62
510,062	652,62
510,321	664,62
510,58	666,62
510,839	676,62
511,099	680,62
511,358	642,62
511,617	632,62
511,876	647,62
512,135	647,62
512,394	660,62
512,653	676,62
512,912	677,62
513,172	664,62
513,431	656,62
513,69	644,62
513,949	652,62
514,208	650,62
514,467	650,62
514,726	674,62
514,985	691,62
515,244	662,62
515,503	666,62
515,762	668,62
516,021	701,62
516,28	694,62
516,539	667,62
516,798	673,62
517,057	687,62
517,316	674,62
517,575	671,62
517,834	683,62
518,093	690,62
518,352	691,62
518,61	700,62
518,869	696,62
519,128	709,62
519,387	712,62
519,646	708,62
519,905	726,62
520,164	715,62
520,423	715,62
520,681	717,62
520,94	724,62
521,199	688,62
521,458	697,62
521,717	707,62
521,975	698,62
522,234	719,62
522,493	724,62
522,752	721,62
523,011	723,62
523,269	747,62
523,528	743,62
523,787	725,62
524,045	748,62
524,304	757,62
524,563	755,62
524,822	775,62
525,08	795,62
525,339	796,62
525,598	780,62
525,856	779,62
526,115	796,62
526,373	800,62
526,632	810,62
526,891	805,62
527,149	806,62
527,408	823,62
527,667	828,62
527,925	823,62
528,184	851,62
528,442	835,62
528,701	841,62
528,959	849,62
529,218	844,62
529,476	871,62
529,735	862,62
529,993	855,62
530,252	872,62
530,51	881,62
530,769	898,62
531,027	895,62
531,286	913,62
531,544	929,62
531,803	944,62
532,061	914,62
532,32	931,62
532,578	953,62
532,836	949,62
533,095	955,62
533,353	967,62
533,612	985,62
533,87	992,62
534,128	1010,62
534,387	994,62
534,645	989,62
534,903	1040,62
535,162	1025,62
535,42	1034,62
535,678	1011,62
535,937	1027,62
536,195	1037,62
536,453	1020,62
536,711	1044,62
536,97	1048,62
537,228	1078,62
537,486	1083,62
537,744	1117,62
538,003	1100,62
538,261	1097,62
538,519	1079,62
538,777	1121,62
539,035	1154,62
539,294	1150,62
539,552	1143,62
539,81	1144,62
540,068	1156,62
540,326	1186,62
540,584	1201,62
540,843	1221,62
541,101	1209,62
541,359	1228,62
541,617	1253,62
541,875	1233,62
542,133	1248,62
542,391	1270,62
542,649	1294,62
542,907	1292,62
543,165	1296,62
543,423	1312,62
543,681	1353,62
543,939	1381,62
544,197	1434,62
544,455	1588,62
544,713	2074,62
544,971	3503,62
545,229	6322,62
545,487	9403,62
545,745	9887,62
546,003	8480,62
546,261	8008,62
546,519	7617,62
546,777	5145,62
547,035	2726,62
547,293	1903,62
547,551	1687,62
547,809	1657,62
548,066	1628,62
548,324	1588,62
548,582	1577,62
548,84	1574,62
549,098	1577,62
549,356	1626,62
549,613	1608,62
549,871	1644,62
550,129	1653,62
550,387	1671,62
550,645	1652,62
550,902	1641,62
551,16	1700,62
551,418	1692,62
551,676	1650,62
551,933	1671,62
552,191	1695,62
552,449	1717,62
552,707	1712,62
552,964	1724,62
553,222	1750,62
553,48	1763,62
553,737	1772,62
553,995	1778,62
554,253	1803,62
554,51	1807,62
554,768	1812,62
555,026	1815,62
555,283	1808,62
555,541	1848,62
555,798	1852,62
556,056	1881,62
556,314	1924,62
556,571	1931,62
556,829	1925,62
557,086	1930,62
557,344	1938,62
557,601	1955,62
557,859	1961,62
558,116	1975,62
558,374	1993,62
558,631	2010,62
558,889	2004,62
559,146	2019,62
559,404	2064,62
559,661	2093,62
559,919	2071,62
560,176	2057,62
560,434	2076,62
560,691	2060,62
560,948	2081,62
561,206	2121,62
561,463	2120,62
561,721	2147,62
561,978	2155,62
562,235	2149,62
562,493	2201,62
562,75	2199,62
563,007	2188,62
563,265	2172,62
563,522	2201,62
563,779	2271,62
564,037	2280,62
564,294	2240,62
564,551	2263,62
564,809	2283,62
565,066	2267,62
565,323	2264,62
565,58	2270,62
565,838	2286,62
566,095	2322,62
566,352	2333,62
566,609	2331,62
566,867	2347,62
567,124	2353,62
567,381	2363,62
567,638	2389,62
567,895	2416,62
568,152	2350,62
568,41	2352,62
568,667	2408,62
568,924	2414,62
569,181	2409,62
569,438	2401,62
569,695	2390,62
569,952	2434,62
570,209	2443,62
570,466	2444,62
570,724	2481,62
570,981	2449,62
571,238	2440,62
571,495	2440,62
571,752	2473,62
572,009	2464,62
572,266	2467,62
572,523	2462,62
572,78	2466,62
573,037	2489,62
573,294	2536,62
573,551	2538,62
573,808	2456,62
574,065	2480,62
574,322	2483,62
574,579	2508,62
574,835	2494,62
575,092	2493,62
575,349	2518,62
575,606	2529,62
575,863	2701,62
576,12	3154,62
576,377	3810,62
576,634	3975,62
576,891	3747,62
577,147	3600,62
577,404	3440,62
577,661	3058,62
577,918	2830,62
578,175	3104,62
578,431	3624,62
578,688	3921,62
578,945	3758,62
579,202	3508,62
579,459	3350,62
579,715	3018,62
579,972	2687,62
580,229	2571,62
580,486	2546,62
580,742	2480,62
580,999	2494,62
581,256	2508,62
581,512	2492,62
581,769	2497,62
582,026	2482,62
582,282	2457,62
582,539	2480,62
582,796	2503,62
583,052	2464,62
583,309	2445,62
583,566	2431,62
583,822	2402,62
584,079	2443,62
584,335	2456,62
584,592	2443,62
584,848	2443,62
585,105	2420,62
585,362	2438,62
585,618	2443,62
585,875	2421,62
586,131	2395,62
586,388	2432,62
586,644	2423,62
586,901	2412,62
587,157	2391,62
587,414	2354,62
587,67	2352,62
587,927	2392,62
588,183	2412,62
588,44	2394,62
588,696	2363,62
588,952	2345,62
589,209	2335,62
589,465	2332,62
589,722	2321,62
589,978	2287,62
590,234	2338,62
590,491	2312,62
590,747	2312,62
591,003	2295,62
591,26	2318,62
591,516	2315,62
591,772	2298,62
592,029	2271,62
592,285	2296,62
592,541	2314,62
592,798	2265,62
593,054	2279,62
593,31	2295,62
593,566	2272,62
593,823	2251,62
594,079	2244,62
594,335	2222,62
594,591	2239,62
594,848	2194,62
595,104	2199,62
595,36	2199,62
595,616	2146,62
595,872	2176,62
596,129	2167,62
596,385	2148,62
596,641	2151,62
596,897	2168,62
597,153	2124,62
597,409	2105,62
597,665	2130,62
597,922	2097,62
598,178	2119,62
598,434	2119,62
598,69	2080,62
598,946	2070,62
599,202	2062,62
599,458	2081,62
599,714	2061,62
599,97	2060,62
600,226	2054,62
600,482	2022,62
600,738	2013,62
600,994	2010,62
601,25	1981,62
601,506	1993,62
601,762	1962,62
602,018	1947,62
602,274	1909,62
602,53	1913,62
602,786	1938,62
603,042	1921,62
603,298	1906,62
603,554	1926,62
603,809	1919,62
604,065	1880,62
604,321	1882,62
604,577	1881,62
604,833	1847,62
605,089	1849,62
605,345	1859,62
605,6	1829,62
605,856	1829,62
606,112	1829,62
606,368	1832,62
606,624	1812,62
606,879	1786,62
607,135	1755,62
607,391	1774,62
607,647	1798,62
607,903	1774,62
608,158	1709,62
608,414	1710,62
608,67	1652,62
608,925	1672,62
609,181	1689,62
609,437	1671,62
609,693	1667,62
609,948	1653,62
610,204	1628,62
610,46	1612,62
610,715	1628,62
610,971	1637,62
611,226	1639,62
611,482	1620,62
611,738	1604,62
611,993	1604,62
612,249	1549,62
612,504	1555,62
612,76	1541,62
613,016	1537,62
613,271	1499,62
613,527	1498,62
613,782	1503,62
614,038	1509,62
614,293	1479,62
614,549	1470,62
614,804	1487,62
615,06	1458,62
615,315	1429,62
615,571	1435,62
615,826	1416,62
616,082	1400,62
616,337	1405,62
616,593	1383,62
616,848	1345,62
617,103	1360,62
617,359	1358,62
617,614	1361,62
617,87	1341,62
618,125	1321,62
618,38	1325,62
618,636	1333,62
618,891	1339,62
619,146	1313,62
619,402	1273,62
619,657	1257,62
619,912	1263,62
620,168	1241,62
620,423	1241,62
620,678	1221,62
620,934	1228,62
621,189	1230,62
621,444	1202,62
621,699	1200,62
621,955	1201,62
622,21	1196,62
622,465	1172,62
622,72	1154,62
622,976	1162,62
623,231	1138,62
623,486	1108,62
623,741	1094,62
623,996	1097,62
624,252	1103,62
624,507	1082,62
624,762	1103,62
625,017	1103,62
625,272	1068,62
625,527	1074,62
625,782	1042,62
626,037	1057,62
626,292	1066,62
626,548	1022,62
626,803	991,62
627,058	991,62
627,313	965,62
627,568	958,62
627,823	954,62
628,078	983,62
628,333	976,62
628,588	930,62
628,843	934,62
629,098	906,62
629,353	924,62
629,608	935,62
629,863	928,62
630,118	915,62
630,373	916,62
630,628	912,62
630,883	885,62
631,138	875,62
631,392	855,62
631,647	865,62
631,902	873,62
632,157	852,62
632,412	873,62
632,667	872,62
632,922	815,62
633,177	855,62
633,431	840,62
633,686	820,62
633,941	806,62
634,196	802,62
634,451	803,62
634,705	775,62
634,96	757,62
635,215	769,62
635,47	780,62
635,724	777,62
635,979	778,62
636,234	763,62
636,489	763,62
636,743	763,62
636,998	745,62
637,253	735,62
637,507	713,62
637,762	713,62
638,017	686,62
638,271	689,62
638,526	697,62
638,781	672,62
639,035	680,62
639,29	670,62
639,545	675,62
639,799	658,62
640,054	650,62
640,308	642,62
640,563	650,62
640,818	635,62
641,072	646,62
641,327	643,62
641,581	623,62
641,836	606,62
642,09	619,62
642,345	592,62
642,599	607,62
642,854	607,62
643,108	595,62
643,363	580,62
643,617	586,62
643,872	563,62
644,126	548,62
644,381	574,62
644,635	558,62
644,889	564,62
645,144	537,62
645,398	552,62
645,653	543,62
645,907	534,62
646,161	529,62
646,416	527,62
646,67	516,62
646,925	535,62
647,179	511,62
647,433	497,62
647,688	496,62
647,942	500,62
648,196	510,62
648,45	502,62
648,705	492,62
648,959	491,62
649,213	478,62
649,468	473,62
649,722	452,62
649,976	465,62
650,23	458,62
650,484	444,62
650,739	447,62
650,993	441,62
651,247	414,62
651,501	440,62
651,755	427,62
652,01	411,62
652,264	416,62
652,518	415,62
652,772	413,62
653,026	405,62
653,28	418,62
653,534	412,62
653,789	380,62
654,043	400,62
654,297	395,62
654,551	394,62
654,805	389,62
655,059	382,62
655,313	402,62
655,567	390,62
655,821	373,62
656,075	367,62
656,329	361,62
656,583	388,62
656,837	372,62
657,091	359,62
657,345	343,62
657,599	358,62
657,853	380,62
658,107	354,62
658,361	345,62
658,615	349,62
658,869	340,62
659,123	323,62
659,376	311,62
659,63	323,62
659,884	348,62
660,138	318,62
660,392	311,62
660,646	305,62
660,9	313,62
661,154	318,62
661,407	291,62
661,661	294,62
661,915	289,62
662,169	279,62
662,423	283,62
662,676	264,62
662,93	283,62
663,184	269,62
663,438	272,62
663,691	280,62
663,945	285,62
664,199	281,62
664,453	271,62
664,706	254,62
664,96	242,62
665,214	256,62
665,467	264,62
665,721	269,62
665,975	263,62
666,228	251,62
666,482	248,62
666,736	246,62
666,989	250,62
667,243	242,62
667,496	253,62
667,75	251,62
668,004	239,62
668,257	246,62
668,511	239,62
668,764	230,62
669,018	219,62
669,271	227,62
669,525	234,62
669,779	229,62
670,032	219,62
670,286	235,62
670,539	226,62
670,793	220,62
671,046	216,62
671,3	202,62
671,553	205,62
671,806	209,62
672,06	206,62
672,313	207,62
672,567	198,62
672,82	215,62
673,074	203,62
673,327	178,62
673,58	182,62
673,834	174,62
674,087	192,62
674,34	192,62
674,594	182,62
674,847	189,62
675,1	178,62
675,354	172,62
675,607	185,62
675,86	176,62
676,114	165,62
676,367	165,62
676,62	165,62
676,874	174,62
677,127	158,62
677,38	152,62
677,633	165,62
677,887	172,62
678,14	169,62
678,393	143,62
678,646	151,62
678,899	152,62
679,153	150,62
679,406	148,62
679,659	148,62
679,912	157,62
680,165	163,62
680,418	147,62
680,671	148,62
680,925	151,62
681,178	157,62
681,431	142,62
681,684	141,62
681,937	138,62
682,19	115,62
682,443	107,62
682,696	125,62
682,949	126,62
683,202	130,62
683,455	122,62
683,708	144,62
683,961	134,62
684,214	122,62
684,467	121,62
684,72	119,62
684,973	130,62
685,226	144,62
685,479	135,62
685,732	128,62
685,985	127,62
686,238	116,62
686,491	123,62
686,744	108,62
686,997	103,62
687,25	118,62
687,502	123,62
687,755	121,62
688,008	109,62
688,261	101,62
688,514	107,62
688,767	105,62
689,02	107,62
689,272	88,62
689,525	95,62
689,778	121,62
690,031	127,62
690,284	144,62
690,536	174,62
690,789	170,62
691,042	153,62
691,295	123,62
691,547	95,62
691,8	83,62
692,053	86,62
692,306	88,62
692,558	90,62
692,811	88,62
693,064	113,62
693,316	86,62
693,569	93,62
693,822	82,62
694,074	75,62
694,327	95,62
694,579	88,62
694,832	89,62
695,085	88,62
695,337	78,62
695,59	86,62
695,842	98,62
696,095	87,62
696,348	83,62
696,6	82,62
696,853	78,62
697,105	93,62
697,358	90,62
697,61	85,62
697,863	82,62
698,115	86,62
698,368	80,62
698,62	85,62
698,873	77,62
699,125	67,62
699,378	67,62
699,63	78,62
699,882	85,62
700,135	81,62
700,387	74,62
700,64	71,62
700,892	49,62
701,144	68,62
701,397	73,62
701,649	54,62
701,902	61,62
702,154	68,62
702,406	67,62
702,659	57,62
702,911	51,62
703,163	65,62
703,416	62,62
703,668	68,62
703,92	60,62
704,172	61,62
704,425	70,62
704,677	64,62
704,929	76,62
705,181	84,62
705,434	62,62
705,686	67,62
705,938	67,62
706,19	70,62
706,442	67,62
706,695	65,62
706,947	74,62
707,199	65,62
707,451	59,62
707,703	57,62
707,955	65,62
708,208	55,62
708,46	71,62
708,712	75,62
708,964	86,62
709,216	70,62
709,468	67,62
709,72	54,62
709,972	48,62
710,224	46,62
710,476	48,62
710,728	54,62
710,98	52,62
711,232	41,62
711,484	44,62
711,736	42,62
711,988	42,62
712,24	45,62
712,492	69,62
712,744	55,62
712,996	49,62
713,248	41,62
713,5	39,62
713,752	29,62
714,004	33,62
714,256	47,62
714,508	51,62
714,76	46,62
715,012	43,62
715,263	41,62
715,515	39,62
715,767	16,62
716,019	28,62
716,271	24,62
716,523	42,62
716,774	30,62
717,026	37,62
717,278	56,62
717,53	47,62
717,782	38,62
718,033	35,62
718,285	38,62
718,537	52,62
718,789	37,62
719,04	47,62
719,292	67,62
719,544	58,62
719,795	48,62
720,047	27,62
720,299	43,62
720,551	47,62
720,802	24,62
721,054	30,62
721,305	34,62
721,557	44,62
721,809	48,62
722,06	23,62
722,312	18,62
722,564	21,62
722,815	32,62
723,067	27,62
723,318	33,62
723,57	18,62
723,821	25,62
724,073	34,62
724,325	18,62
724,576	24,62
724,828	20,62
725,079	27,62
725,331	38,62
725,582	31,62
725,834	33,62
726,085	23,62
726,337	50,62
726,588	33,62
726,839	26,62
727,091	18,62
727,342	9,62
727,594	22,62
727,845	24,62
728,097	29,62
728,348	22,62
728,599	31,62
728,851	16,62
729,102	31,62
729,353	28,62
729,605	8,62
729,856	21,62
730,107	27,62
730,359	28,62
730,61	38,62
730,861	33,62
731,113	32,62
731,364	32,62
731,615	19,62
731,866	37,62
732,118	33,62
732,369	43,62
732,62	32,62
732,871	31,62
733,123	28,62
733,374	18,62
733,625	12,62
733,876	10,62
734,127	11,62
734,379	10,62
734,63	30,62
734,881	15,62
735,132	23,62
735,383	50,62
735,634	30,62
735,885	29,62
736,136	26,62
736,388	18,62
736,639	14,62
736,89	14,62
737,141	29,62
737,392	33,62
737,643	44,62
737,894	25,62
738,145	25,62
738,396	29,62
738,647	26,62
738,898	22,62
739,149	8,62
739,4	15,62
739,651	4,62
739,902	0,62
740,153	19,62
740,404	30,62
740,655	29,62
740,906	14,62
741,157	8,62
741,408	13,62
741,658	21,62
741,909	18,62
742,16	10,62
742,411	9,62
742,662	26,62
742,913	16,62
743,164	30,62
743,414	18,62
743,665	21,62
743,916	22,62
744,167	26,62
744,418	21,62
744,669	37,62
744,919	23,62
745,17	3,62
745,421	25,62
745,672	35,62
745,922	15,62
746,173	33,62
746,424	31,62
746,675	24,62
746,925	15,62
747,176	17,62
747,427	21,62
747,677	14,62
747,928	6,62
748,179	29,62
748,429	28,62
748,68	24,62
748,931	25,62
749,181	21,62
749,432	22,62
749,682	34,62
749,933	20,62
750,184	7,62
750,434	8,62
750,685	16,62
750,935	27,62
751,186	33,62
751,436	19,62
751,687	11,62
751,937	9,62
752,188	18,62
752,438	22,62
752,689	25,62
752,939	13,62
753,19	7,62
753,44	20,62
753,691	8,62
753,941	10,62
754,192	13,62
754,442	12,62
754,693	24,62
754,943	10,62
755,193	10,62
755,444	20,62
755,694	17,62
755,945	15,62
756,195	25,62
756,445	30,62
756,696	22,62
756,946	12,62
757,196	25,62
757,447	38,62
757,697	37,62
757,947	22,62
758,198	71,62
758,448	99,62
758,698	127,62
758,948	90,62
759,199	77,62
759,449	136,62
759,699	313,62
759,949	498,62
760,2	462,62
760,45	275,62
760,7	111,62
760,95	47,62
761,2	30,62
761,45	31,62
761,701	14,62
761,951	17,62
762,201	29,62
762,451	16,62
762,701	29,62
762,951	14,62
763,201	17,62
763,452	21,62
763,702	29,62
763,952	32,62
764,202	23,62
764,452	14,62
764,702	14,62
764,952	16,62
765,202	12,62
765,452	25,62
765,702	14,62
765,952	15,62
766,202	10,62
766,452	2,62
766,702	21,62
766,952	29,62
767,202	20,62
767,452	26,62
767,702	28,62
767,952	37,62
768,202	40,62
768,452	43,62
768,701	37,62
768,951	40,62
769,201	68,62
769,451	72,62
769,701	60,62
769,951	40,62
770,201	15,62
770,451	16,62
770,7	17,62
770,95	15,62
771,2	0,62
771,45	14,62
771,7	13,62
771,949	10,62
772,199	16,62
772,449	32,62
772,699	21,62
772,948	14,62
773,198	12,62
773,448	20,62
773,698	12,62
773,947	9,62
774,197	4,62
774,447	14,62
774,696	30,62
774,946	11,62
775,196	9,62
775,445	11,62
775,695	7,62
775,945	2,62
776,194	10,62
776,444	13,62
776,693	26,62
776,943	-4,38
777,193	15,62
777,442	25,62
777,692	20,62
777,941	19,62
778,191	29,62
778,44	9,62
778,69	12,62
778,94	10,62
779,189	17,62
779,439	18,62
779,688	12,62
779,938	11,62
780,187	10,62
780,436	15,62
780,686	-2,38
780,935	2,62
781,185	4,62
781,434	15,62
781,684	25,62
781,933	6,62
782,182	-8,38
782,432	22,62
782,681	26,62
782,931	-15,38
783,18	2,62
783,429	13,62
783,679	-3,38
783,928	9,62
784,177	6,62
784,427	22,62
784,676	31,62
784,925	22,62
785,175	51,62
785,424	53,62
785,673	33,62
785,922	14,62
786,172	16,62
786,421	14,62
786,67	22,62
786,919	9,62
787,169	-2,38
787,418	12,62
787,667	28,62
787,916	14,62
788,165	9,62
788,415	11,62
788,664	4,62
788,913	20,62
789,162	13,62
789,411	18,62
789,66	11,62
789,909	1,62
790,159	3,62
790,408	11,62
790,657	23,62
790,906	-0,38
791,155	-3,38
791,404	11,62
791,653	14,62
791,902	6,62
792,151	12,62
792,4	10,62
792,649	14,62
792,898	12,62
793,147	17,62
793,396	16,62
793,645	3,62
793,894	6,62
794,143	6,62
794,392	10,62
794,641	9,62
794,89	1,62
795,139	4,62
795,388	4,62
795,637	4,62
795,885	-2,38
796,134	16,62
796,383	0,62
796,632	12,62
796,881	11,62
797,13	10,62
797,379	8,62
797,627	4,62
797,876	19,62
798,125	20,62
798,374	14,62
798,623	16,62
798,871	9,62
799,12	11,62
799,369	1,62
799,618	6,62
799,866	3,62
800,115	13,62
800,364	12,62
800,613	11,62
800,861	8,62
801,11	22,62
801,359	23,62
801,607	14,62
801,856	3,62
802,105	9,62
802,353	10,62
802,602	2,62
802,851	6,62
803,099	11,62
803,348	18,62
803,597	4,62
803,845	8,62
804,094	-3,38
804,342	18,62
804,591	16,62
804,839	12,62
805,088	11,62
805,336	34,62
805,585	32,62
805,834	41,62
806,082	27,62
806,331	23,62
806,579	13,62
806,828	6,62
807,076	15,62
807,324	17,62
807,573	22,62
807,821	3,62
808,07	19,62
808,318	23,62
808,567	19,62
808,815	2,62
809,063	4,62
809,312	19,62
809,56	35,62
809,809	71,62
810,057	125,62
810,305	200,62
810,554	312,62
810,802	429,62
811,05	666,62
811,299	631,62
811,547	397,62
811,795	167,62
812,044	74,62
812,292	43,62
812,54	31,62
812,788	11,62
813,037	25,62
813,285	12,62
813,533	8,62
813,781	2,62
814,03	-1,38
814,278	-0,38
814,526	8,62
814,774	4,62
815,022	11,62
815,271	0,62
815,519	15,62
815,767	-0,38
816,015	7,62
816,263	11,62
816,511	6,62
816,759	-5,38
817,007	8,62
817,256	3,62
817,504	26,62
817,752	19,62
818	9,62
818,248	28,62
818,496	46,62
818,744	75,62
818,992	91,62
819,24	71,62
819,488	37,62
819,736	24,62
819,984	11,62
820,232	4,62
820,48	14,62
820,728	3,62
820,976	6,62
821,224	4,62
821,472	6,62
821,72	-2,38
821,968	0,62
822,216	0,62
822,463	5,62
822,711	-5,38
822,959	6,62
823,207	-0,38
823,455	13,62
823,703	14,62
823,951	0,62
824,198	9,62
824,446	0,62
824,694	11,62
824,942	9,62
825,19	11,62
825,437	19,62
825,685	29,62
825,933	59,62
826,181	80,62
826,429	74,62
826,676	41,62
826,924	13,62
827,172	10,62
827,419	28,62
827,667	14,62
827,915	20,62
828,163	46,62
828,41	40,62
828,658	6,62
828,906	25,62
829,153	68,62
829,401	119,62
829,648	165,62
829,896	128,62
830,144	72,62
830,391	20,62
830,639	15,62
830,886	19,62
831,134	6,62
831,382	5,62
831,629	0,62
831,877	2,62
832,124	6,62
832,372	22,62
832,619	6,62
832,867	0,62
833,114	13,62
833,362	11,62
833,609	0,62
833,857	4,62
834,104	15,62
834,352	16,62
834,599	6,62
834,847	15,62
835,094	0,62
835,341	9,62
835,589	8,62
835,836	-9,38
836,084	13,62
836,331	19,62
836,578	8,62
836,826	-1,38
837,073	-0,38
837,32	11,62
837,568	1,62
837,815	1,62
838,062	-5,38
838,31	-4,38
838,557	11,62
838,804	9,62
839,052	11,62
839,299	-1,38
839,546	12,62
839,793	20,62
840,041	6,62
840,288	7,62
840,535	3,62
840,782	11,62
841,029	2,62
841,277	0,62
841,524	-2,38
841,771	-5,38
842,018	-11,38
842,265	-2,38
842,512	-15,38
842,76	6,62
843,007	6,62
843,254	10,62
843,501	4,62
843,748	-7,38
843,995	-9,38
844,242	-1,38
844,489	7,62
844,736	10,62
844,983	23,62
845,23	11,62
845,478	-3,38
845,725	4,62
845,972	11,62
846,219	-1,38
846,466	7,62
846,713	2,62
846,96	4,62
847,206	17,62
847,453	13,62
847,7	7,62
847,947	-9,38
848,194	9,62
848,441	4,62
848,688	10,62
848,935	-8,38
849,182	9,62
849,429	11,62
849,676	8,62
849,923	15,62
850,169	15,62
850,416	22,62
850,663	35,62
850,91	33,62
851,157	33,62
851,404	-8,38
851,65	-5,38
851,897	-3,38
852,144	4,62
852,391	15,62
852,637	10,62
852,884	9,62
853,131	8,62
853,378	-6,38
853,624	-8,38
853,871	-18,38
854,118	4,62
854,365	4,62
854,611	7,62
854,858	15,62
855,105	8,62
855,351	13,62
855,598	6,62
855,845	9,62
856,091	11,62
856,338	3,62
856,584	-2,38
856,831	1,62
857,078	3,62
857,324	2,62
857,571	8,62
857,817	7,62
858,064	14,62
858,31	11,62
858,557	2,62
858,804	3,62
859,05	-5,38
859,297	8,62
859,543	6,62
859,79	-3,38
860,036	0,62
860,283	-3,38
860,529	-1,38
860,775	-0,38
861,022	2,62
861,268	6,62
861,515	9,62
861,761	1,62
862,008	12,62
862,254	-1,38
862,5	6,62
862,747	-0,38
862,993	2,62
863,24	-16,38
863,486	-13,38
863,732	8,62
863,979	13,62
864,225	5,62
864,471	7,62
864,718	0,62
864,964	9,62
865,21	3,62
865,456	-4,38
865,703	14,62
865,949	-2,38
866,195	-13,38
866,441	-4,38
866,688	-8,38
866,934	4,62
867,18	2,62
867,426	2,62
867,673	3,62
867,919	8,62
868,165	9,62
868,411	19,62
868,657	19,62
868,903	-2,38
869,149	-5,38
869,396	-15,38
869,642	-12,38
869,888	16,62
870,134	-2,38
870,38	6,62
870,626	7,62
870,872	12,62
871,118	-5,38
871,364	-9,38
871,61	0,62
871,856	-4,38
872,102	4,62
872,348	-3,38
872,594	11,62
872,84	11,62
873,086	-11,38
873,332	-9,38
873,578	1,62
873,824	6,62
874,07	-7,38
874,316	-1,38
874,562	10,62
874,808	27,62
875,054	13,62
875,3	-1,38
875,546	6,62
875,792	7,62
876,038	-5,38
876,284	15,62
876,529	19,62
876,775	29,62
877,021	46,62
877,267	87,62
877,513	137,62
877,759	127,62
878,004	70,62
878,25	26,62
878,496	31,62
878,742	17,62
878,987	1,62
879,233	4,62
879,479	-2,38
879,725	-0,38
879,97	17,62
880,216	10,62
880,462	3,62
880,708	14,62
880,953	7,62
881,199	2,62
881,445	-4,38
881,69	-2,38
881,936	-7,38
882,182	7,62
882,427	10,62
882,673	-3,38
882,918	-13,38
883,164	-5,38
883,41	6,62
883,655	6,62
883,901	3,62
884,146	7,62
884,392	-7,38
884,638	0,62
884,883	1,62
885,129	-9,38
885,374	-3,38
885,62	12,62
885,865	22,62
886,111	27,62
886,356	-0,38
886,602	18,62
886,847	-1,38
887,093	-0,38
887,338	10,62
887,583	9,62
887,829	-0,38
888,074	3,62
888,32	7,62
888,565	10,62
888,81	-0,38
889,056	-4,38
889,301	3,62
889,547	14,62
889,792	-3,38
890,037	5,62
890,283	-8,38
890,528	3,62
890,773	-11,38
891,019	-7,38
891,264	-6,38
891,509	3,62
891,754	7,62
892	35,62
892,245	60,62
892,49	82,62
892,735	100,62
892,981	87,62
893,226	42,62
893,471	27,62
893,716	12,62
893,962	6,62
894,207	6,62
894,452	12,62
894,697	-1,38
894,942	-6,38
895,187	-3,38
895,433	8,62
895,678	10,62
895,923	10,62
896,168	4,62
896,413	10,62
896,658	4,62
896,903	-6,38
897,148	5,62
897,393	12,62
897,638	-2,38
897,883	0,62
898,128	0,62
898,374	8,62
898,619	16,62
898,864	7,62
899,109	-2,38
899,354	7,62
899,599	6,62
899,844	0,62
900,088	0,62
900,333	3,62
900,578	-6,38
900,823	-1,38
901,068	-12,38
901,313	4,62
901,558	18,62
901,803	10,62
902,048	9,62
902,293	11,62
902,538	9,62
902,782	-1,38
903,027	2,62
903,272	22,62
903,517	10,62
903,762	-11,38
904,007	6,62
904,251	14,62
904,496	-10,38
904,741	-4,38
904,986	3,62
905,231	11,62
905,475	0,62
905,72	-11,38
905,965	-0,38
906,21	10,62
906,454	8,62
906,699	3,62
906,944	7,62
907,188	18,62
907,433	1,62
907,678	6,62
907,922	12,62
908,167	7,62
908,412	4,62
908,656	1,62
908,901	3,62
909,146	-2,38
909,39	-2,38
909,635	0,62
909,879	15,62
910,124	4,62
910,368	-0,38
910,613	5,62
910,858	12,62
911,102	0,62
911,347	0,62
911,591	7,62
911,836	-0,38
912,08	-5,38
912,325	14,62
912,569	11,62
912,814	-1,38
913,058	13,62
913,303	10,62
913,547	8,62
913,791	1,62
914,036	7,62
914,28	-5,38
914,525	0,62
914,769	14,62
915,014	11,62
915,258	3,62
915,502	9,62
915,747	7,62
915,991	6,62
916,235	3,62
916,48	6,62
916,724	-5,38
916,968	-1,38
917,213	-7,38
917,457	-7,38
917,701	6,62
917,946	0,62
918,19	-6,38
918,434	-0,38
918,678	0,62
918,923	4,62
919,167	1,62
919,411	10,62
919,655	3,62
919,899	8,62
920,144	1,62
920,388	9,62
920,632	6,62
920,876	8,62
921,12	11,62
921,364	0,62
921,609	19,62
921,853	22,62
922,097	12,62
922,341	13,62
922,585	14,62
922,829	12,62
923,073	-3,38
923,317	3,62
923,561	13,62
923,805	0,62
924,049	-2,38
924,293	-3,38
924,538	10,62
924,782	4,62
925,026	0,62
925,27	-7,38
925,514	9,62
925,758	4,62
926,001	-0,38
926,245	-2,38
926,489	4,62
926,733	0,62
926,977	-11,38
927,221	3,62
927,465	15,62
927,709	10,62
927,953	7,62
928,197	4,62
928,441	10,62
928,685	11,62
928,928	1,62
929,172	9,62
929,416	9,62
929,66	0,62
929,904	4,62
930,148	10,62
930,391	2,62
930,635	9,62
930,879	-1,38
931,123	8,62
931,366	-0,38
931,61	14,62
931,854	0,62
932,098	18,62
932,341	8,62
932,585	6,62
932,829	-3,38
933,073	-3,38
933,316	7,62
933,56	11,62
933,804	6,62
934,047	0,62
934,291	14,62
934,535	9,62
934,778	-4,38
935,022	-3,38
935,265	-1,38
935,509	8,62
935,753	4,62
935,996	5,62
936,24	-5,38
936,483	-4,38
936,727	-11,38
936,97	4,62
937,214	2,62
937,458	0,62
937,701	1,62
937,945	17,62
938,188	10,62
938,432	11,62
938,675	-1,38
938,919	-10,38
939,162	3,62
939,405	-6,38
939,649	-0,38
939,892	6,62
940,136	6,62
940,379	10,62
940,623	-0,38
940,866	-9,38
941,109	4,62
941,353	14,62
941,596	23,62
941,839	17,62
942,083	18,62
942,326	8,62
942,569	-5,38
942,813	8,62
943,056	15,62
943,299	15,62
943,543	1,62
943,786	16,62
944,029	16,62
944,273	8,62
944,516	5,62
944,759	10,62
945,002	-5,38
945,246	-2,38
945,489	-4,38
945,732	-2,38
945,975	11,62
946,218	12,62
946,462	0,62
946,705	4,62
946,948	9,62
947,191	20,62
947,434	9,62
947,677	0,62
947,92	6,62
948,164	-1,38
948,407	-9,38
948,65	0,62
948,893	8,62
949,136	16,62
949,379	0,62
949,622	6,62
949,865	14,62
950,108	13,62
950,351	-9,38
950,594	2,62
950,837	2,62
951,08	-7,38
951,323	-16,38
951,566	-5,38
951,809	-1,38
952,052	10,62
952,295	-13,38
952,538	1,62
952,781	1,62
953,024	6,62
953,267	5,62
953,51	5,62
953,753	0,62
953,996	-3,38
954,238	3,62
954,481	3,62
954,724	-3,38
954,967	8,62
955,21	9,62
955,453	10,62
955,695	-5,38
955,938	8,62
956,181	-5,38
956,424	6,62
956,667	-0,38
956,909	1,62
957,152	-4,38
957,395	8,62
957,638	5,62
957,881	10,62
958,123	2,62
958,366	-3,38
958,609	8,62
958,851	-0,38
959,094	-7,38
959,337	1,62
959,579	3,62
959,822	11,62
960,065	-9,38
960,307	1,62
960,55	-15,38
960,793	11,62
961,035	-1,38
961,278	-4,38
961,52	11,62
961,763	10,62
962,006	8,62
962,248	-2,38
962,491	-7,38
962,733	0,62
962,976	-1,38
963,218	0,62
963,461	5,62
963,703	6,62
963,946	2,62
964,188	-3,38
964,431	0,62
964,673	7,62
964,916	-1,38
965,158	2,62
965,401	-4,38
965,643	7,62
965,886	12,62
966,128	-1,38
966,371	-5,38
966,613	8,62
966,855	16,62
967,098	8,62
967,34	8,62
967,582	5,62
967,825	-7,38
968,067	16,62
968,309	-3,38
968,552	-10,38
968,794	-20,38
969,036	1,62
969,279	14,62
969,521	17,62
969,763	8,62
970,006	-5,38
970,248	2,62
970,49	8,62
970,732	-4,38
970,975	11,62
971,217	0,62
971,459	10,62
971,701	-5,38
971,943	-8,38
972,186	-1,38
972,428	18,62
972,67	-4,38
972,912	-18,38
973,154	-4,38
973,396	-8,38
973,638	6,62
973,881	4,62
974,123	5,62
974,365	16,62
974,607	1,62
974,849	7,62
975,091	8,62
975,333	-0,38
975,575	-6,38
975,817	8,62
976,059	-1,38
976,301	3,62
976,543	-6,38
976,785	-0,38
977,027	7,62
977,269	11,62
977,511	10,62
977,753	8,62
977,995	-1,38
978,237	1,62
978,479	-2,38
978,721	-2,38
978,963	12,62
979,205	10,62
979,447	-1,38
979,689	-6,38
979,931	10,62
980,172	4,62
980,414	-10,38
980,656	-4,38
980,898	10,62
981,14	4,62
981,382	6,62
981,623	3,62
981,865	14,62
982,107	9,62
982,349	2,62
982,591	9,62
982,832	2,62
983,074	11,62
983,316	-0,38
983,558	-7,38
983,799	6,62
984,041	10,62
984,283	-3,38
984,525	-11,38
984,766	-6,38
985,008	6,62
985,25	9,62
985,491	-1,38
985,733	-0,38
985,975	3,62
986,216	-3,38
986,458	3,62
986,7	-0,38
986,941	14,62
987,183	-5,38
987,424	-3,38
987,666	-4,38
987,907	15,62
988,149	2,62
988,391	0,62
988,632	-1,38
988,874	10,62
989,115	1,62
989,357	6,62
989,598	6,62
989,84	14,62
990,081	10,62
990,323	-3,38
990,564	8,62
990,806	-2,38
991,047	1,62
991,289	8,62
991,53	8,62
991,771	4,62
992,013	-3,38
992,254	0,62
992,496	-9,38
992,737	1,62
992,978	11,62
993,22	15,62
993,461	8,62
993,702	20,62
993,944	6,62
994,185	2,62
994,426	2,62
994,668	22,62
994,909	4,62
995,15	1,62
995,392	14,62
995,633	7,62
995,874	-1,38
996,115	-4,38
996,357	6,62
996,598	20,62
996,839	11,62
997,08	-7,38
997,321	-7,38
997,563	15,62
997,804	-6,38
998,045	1,62
998,286	18,62
998,527	7,62
998,769	9,62
999,01	6,62
999,251	3,62
999,492	6,62
999,733	3,62
999,974	6,62
1000,215	17,62
1000,456	7,62
1000,697	-4,38
1000,938	-3,38
1001,18	0,62
1001,421	4,62
1001,662	-0,38
1001,903	0,62
1002,144	2,62
1002,385	16,62
1002,626	4,62
1002,867	-4,38
1003,108	-1,38
1003,349	10,62
1003,59	1,62
1003,83	1,62
1004,071	-3,38
1004,312	11,62
1004,553	-13,38
1004,794	-6,38
1005,035	-6,38
1005,276	15,62
1005,517	-7,38
1005,758	8,62
1005,999	3,62
1006,239	16,62
1006,48	22,62
1006,721	3,62
1006,962	11,62
1007,203	3,62
1007,444	-3,38
1007,684	3,62
1007,925	7,62
1008,166	-2,38
1008,407	-4,38
1008,648	10,62
1008,888	0,62
1009,129	13,62
1009,37	-7,38
1009,611	-3,38
1009,851	5,62
1010,092	7,62
1010,333	-0,38
1010,573	14,62
1010,814	8,62
1011,055	23,62
1011,295	6,62
1011,536	10,62
1011,777	7,62
1012,017	8,62
1012,258	4,62
1012,498	-1,38
1012,739	18,62
1012,98	30,62
1013,22	25,62
1013,461	53,62
1013,701	63,62
1013,942	51,62
1014,182	40,62
1014,423	22,62
1014,664	16,62
1014,904	23,62
1015,145	30,62
1015,385	22,62
1015,626	10,62
1015,866	20,62
1016,107	-3,38
1016,347	10,62
1016,587	13,62
1016,828	20,62
1017,068	20,62
1017,309	9,62
1017,549	-4,38
1017,79	6,62
1018,03	-0,38
1018,27	-1,38
1018,511	4,62
1018,751	-0,38
1018,991	6,62
1019,232	8,62
1019,472	-1,38
1019,712	11,62
1019,953	8,62
1020,193	10,62
1020,433	2,62
1020,674	9,62
1020,914	-15,38
1021,154	-0,38
1021,394	17,62
1021,635	8,62
1021,875	3,62
1022,115	-7,38
1022,355	-3,38
1022,596	2,62
1022,836	-12,38
1023,076	-11,38
1023,316	-9,38
1023,556	-1,38
1023,797	9,62
1024,037	10,62
1024,277	5,62
1024,517	14,62
1024,757	7,62
1024,997	-4,38
1025,237	26,62
1025,477	3,62
1025,718	-4,38
1025,958	2,62
1026,198	-6,38
1026,438	-3,38
1026,678	-13,38
1026,918	-4,38
1027,158	3,62
1027,398	6,62
1027,638	-6,38
1027,878	-4,38
1028,118	-12,38
1028,358	2,62
1028,598	12,62
1028,838	3,62
1029,078	-2,38
1029,318	-5,38
1029,558	-4,38
1029,798	-1,38
1030,038	3,62
1030,278	8,62
1030,517	6,62
1030,757	-1,38
1030,997	9,62
1031,237	-3,38
1031,477	-4,38
1031,717	-0,38
1031,957	0,62
1032,196	7,62
1032,436	13,62
1032,676	4,62
1032,916	0,62
1033,156	8,62
1033,396	-13,38
1033,635	10,62
1033,875	7,62
1034,115	20,62
1034,355	14,62
1034,594	8,62
1034,834	-2,38
1035,074	2,62
1035,313	-8,38
1035,553	4,62
1035,793	8,62
1036,033	24,62
1036,272	4,62
1036,512	12,62
1036,752	19,62
1036,991	15,62
1037,231	1,62
1037,47	10,62
1037,71	10,62
1037,95	7,62
1038,189	-8,38
1038,429	0,62
1038,668	10,62
1038,908	10,62
1039,148	6,62
1039,387	-6,38
1039,627	17,62
1039,866	15,62
1040,106	-0,38
1040,345	-2,38
1040,585	7,62
1040,824	10,62
1041,064	3,62
1041,303	-7,38
1041,543	-8,38
1041,782	3,62
1042,022	-3,38
1042,261	-0,38
1042,501	8,62
1042,74	18,62
1042,979	2,62
1043,219	1,62
1043,458	2,62
1043,698	6,62
1043,937	0,62
1044,176	2,62
1044,416	16,62
1044,655	12,62
1044,894	6,62
1045,134	1,62
1045,373	6,62
1045,612	16,62
1045,852	2,62
1046,091	-7,38
1046,33	7,62
1046,569	25,62
1046,809	5,62
1047,048	14,62
1047,287	12,62
1047,526	8,62
1047,766	-9,38
1048,005	4,62
1048,244	12,62
1048,483	4,62
1048,722	-1,38
1048,962	-9,38
1049,201	-6,38
1049,44	7,62
1049,679	-11,38
1049,918	2,62
1050,157	-6,38
1050,396	3,62
1050,635	-5,38
1050,875	18,62
1051,114	10,62
1051,353	2,62
1051,592	-6,38
1051,831	-1,38
1052,07	5,62
1052,309	7,62
1052,548	-4,38
1052,787	7,62
1053,026	6,62
1053,265	4,62
1053,504	4,62
1053,743	6,62
1053,982	7,62
1054,221	0,62
1054,46	3,62
1054,699	0,62
1054,938	4,62
1055,177	8,62
1055,416	2,62
1055,655	14,62
1055,893	3,62
1056,132	7,62
1056,371	2,62
1056,61	7,62
1056,849	9,62
1057,088	17,62
1057,327	-2,38
1057,565	-7,38
1057,804	-2,38
1058,043	-11,38
1058,282	-3,38
1058,521	-5,38
1058,76	9,62
1058,998	7,62
1059,237	-7,38
1059,476	3,62
1059,715	-0,38
1059,953	2,62
1060,192	-1,38
1060,431	-4,38
1060,669	8,62
1060,908	11,62
1061,147	11,62
1061,386	7,62
1061,624	9,62
1061,863	4,62
1062,102	-9,38
1062,34	2,62
1062,579	7,62
1062,817	-1,38
1063,056	-6,38
1063,295	0,62
1063,533	4,62
1063,772	7,62
1064,01	-3,38
1064,249	9,62
1064,488	20,62
1064,726	30,62
1064,965	10,62
1065,203	0,62
1065,442	-1,38
1065,68	7,62
1065,919	-3,38
1066,157	10,62
1066,396	13,62
1066,634	10,62
1066,873	-0,38
1067,111	9,62
1067,349	9,62
1067,588	14,62
1067,826	0,62
1068,065	-1,38
1068,303	-1,38
1068,542	22,62
1068,78	7,62
1069,018	-3,38
1069,257	14,62
1069,495	23,62
1069,733	22,62
1069,972	14,62
1070,21	9,62
1070,448	-0,38
1070,687	0,62
1070,925	-2,38
1071,163	1,62
1071,402	2,62
1071,64	4,62
1071,878	-1,38
1072,116	12,62
1072,355	14,62
1072,593	-1,38
1072,831	-0,38
1073,069	2,62
1073,308	12,62
1073,546	10,62
1073,784	12,62
1074,022	-4,38
1074,26	3,62
1074,498	-6,38
1074,737	-7,38
1074,975	-6,38
1075,213	10,62
1075,451	12,62
1075,689	5,62
1075,927	-5,38
1076,165	-1,38
1076,403	9,62
1076,641	7,62
1076,879	9,62
1077,118	8,62
1077,356	1,62
1077,594	3,62
1077,832	10,62
1078,07	0,62
1078,308	-1,38
1078,546	30,62
1078,784	12,62
1079,022	-10,38
1079,26	-5,38
1079,498	11,62
1079,736	-2,38
1079,973	7,62
1080,211	-1,38
1080,449	-7,38
1080,687	0,62
1080,925	-2,38
1081,163	6,62
1081,401	15,62
1081,639	14,62
1081,877	7,62
1082,114	15,62
1082,352	0,62
1082,59	-6,38
1082,828	0,62
1083,066	-3,38
1083,304	5,62
1083,541	2,62
1083,779	3,62
1084,017	10,62
1084,255	19,62
1084,493	2,62
1084,73	3,62
1084,968	-2,38
1085,206	-3,38
1085,443	8,62
1085,681	0,62
1085,919	-5,38
1086,157	3,62
1086,394	-1,38
1086,632	6,62
1086,87	11,62
1087,107	8,62
1087,345	-3,38
1087,583	8,62
1087,82	-15,38
1088,058	16,62
1088,295	7,62
1088,533	9,62
1088,771	-2,38
1089,008	13,62
1089,246	-10,38
1089,483	8,62
1089,721	1,62
1089,958	1,62
1090,196	3,62
1090,433	12,62
1090,671	-10,38
1090,908	9,62
1091,146	4,62
1091,383	10,62
1091,621	-7,38
1091,858	-8,38
1092,096	-5,38
1092,333	7,62
1092,571	-5,38
1092,808	9,62
1093,046	1,62
1093,283	12,62
1093,52	0,62
1093,758	9,62
1093,995	15,62
1094,233	6,62
1094,47	-9,38
1094,707	-5,38
1094,945	-4,38
1095,182	4,62
1095,419	4,62
1095,657	10,62
1095,894	11,62
1096,131	6,62
1096,368	18,62
1096,606	8,62
1096,843	13,62
1097,08	12,62
1097,317	13,62
1097,555	14,62
1097,792	-10,38
1098,029	10,62
1098,266	1,62
1098,504	2,62
1098,741	6,62
1098,978	12,62
1099,215	14,62
1099,452	6,62
1099,689	12,62
1099,927	2,62
1100,164	-16,38
1100,401	-2,38
1100,638	11,62
1100,875	21,62
1101,112	14,62
1101,349	-0,38
1101,586	3,62
1101,823	11,62
1102,06	9,62
1102,297	11,62
1102,535	16,62
1102,772	8,62
1103,009	-14,38
1103,246	-2,38
1103,483	6,62
1103,72	12,62
1103,957	2,62
1104,194	2,62
1104,43	-7,38
1104,667	-7,38
1104,904	-21,38
1105,141	-6,38
1105,378	20,62
1105,615	5,62
1105,852	-2,38
1106,089	7,62
1106,326	9,62
1106,563	7,62
1106,8	6,62
1107,036	6,62
1107,273	1,62
1107,51	5,62
1107,747	-10,38
1107,984	0,62
1108,221	-9,38
1108,457	7,62
1108,694	1,62
1108,931	1,62
1109,168	3,62
1109,405	8,62
1109,641	-9,38
1109,878	7,62
1110,115	9,62
1110,351	16,62
1110,588	5,62
1110,825	1,62
1111,062	13,62
1111,298	13,62
1111,535	5,62
1111,772	3,62
1112,008	-1,38
1112,245	12,62
1112,482	13,62
1112,718	3,62
1112,955	0,62
1113,191	7,62
1113,428	-5,38
1113,665	18,62
1113,901	10,62
1114,138	31,62
1114,374	11,62
1114,611	9,62
1114,847	10,62
1115,084	26,62
1115,32	11,62
1115,557	-5,38
1115,793	-4,38
1116,03	9,62
1116,266	-1,38
1116,503	12,62
1116,739	6,62
1116,976	15,62
1117,212	7,62
1117,449	-3,38
1117,685	-2,38
1117,922	4,62
1118,158	-3,38
